278.947389 100010110.1111 278.937500 0.009889
-141.958032 -10001101.1111 -141.937500 0.020532
448.597641 111000000.1010 448.625000 0.027359
-867.537061 -1101100011.1001 -867.562500 0.025439
395.725823 110001011.1100 395.750000 0.024177
-250.136524 -11111010.0010 -250.125000 0.011524
216.072793 11011000.0001 216.062500 0.010293
-659.817419 -1010010011.1101 -659.812500 0.004919
-310.865874 -100110110.1110 -310.875000 0.009126
-466.073368 -111010010.0001 -466.062500 0.010868
-341.042703 -101010101.0001 -341.062500 0.019797
453.193654 111000101.0011 453.187500 0.006154
-53.898677 -110101.1110 -53.875000 0.023677
925.583776 1110011101.1001 925.562500 0.021276
165.682828 10100101.1011 165.687500 0.004672
-553.413914 -1000101001.0111 -553.437500 0.023586
225.595386 11100001.1010 225.625000 0.029614
56.098319 111000.0010 56.125000 0.026681
-718.341135 -1011001110.0101 -718.312500 0.028635
53.692494 110101.1011 53.687500 0.004994
-976.635883 -1111010000.1010 -976.625000 0.010883
-251.185570 -11111011.0011 -251.187500 0.001930
72.773470 1001000.1100 72.750000 0.023470
372.445119 101110100.0111 372.437500 0.007619
918.827727 1110010110.1101 918.812500 0.015227
229.325749 11100101.0101 229.312500 0.013249
-950.844375 -1110110110.1110 -950.875000 0.030625
-48.932193 -110000.1111 -48.937500 0.005307
-499.598218 -111110011.1010 -499.625000 0.026782
494.572343 111101110.1001 494.562500 0.009843
787.261567 1100010011.0100 787.250000 0.011567
-826.439915 -1100111010.0111 -826.437500 0.002415
543.259314 1000011111.0100 543.250000 0.009314
-413.559173 -110011101.1001 -413.562500 0.003327
-634.339834 -1001111010.0101 -634.312500 0.027334
-92.933611 -1011100.1111 -92.937500 0.003889
-162.485458 -10100010.1000 -162.500000 0.014542
-424.946030 -110101000.1111 -424.937500 0.008530
-472.272051 -111011000.0100 -472.250000 0.022051
-133.003022 -10000101.0000 -133.000000 0.003022
378.947641 101111010.1111 378.937500 0.010141
-672.142749 -1010100000.0010 -672.125000 0.017749
-254.348947 -11111110.0110 -254.375000 0.026053
-521.601088 -1000001001.1010 -521.625000 0.023912
457.169780 111001001.0011 457.187500 0.017720
-503.905426 -111110111.1110 -503.875000 0.030426
479.353785 111011111.0110 479.375000 0.021215
-942.453352 -1110101110.0111 -942.437500 0.015852
711.488140 1011000111.1000 711.500000 0.011860
-144.546510 -10010000.1001 -144.562500 0.015990
868.338171 1101100100.0101 868.312500 0.025671
592.012932 1001010000.0000 592.000000 0.012932
685.130418 1010101101.0010 685.125000 0.005418
-939.681516 -1110101011.1011 -939.687500 0.005984
496.897504 111110000.1110 496.875000 0.022504
50.738869 110010.1100 50.750000 0.011131
772.445317 1100000100.0111 772.437500 0.007817
133.370949 10000101.0110 133.375000 0.004051
-305.437164 -100110001.0111 -305.437500 0.000336
808.554151 1100101000.1001 808.562500 0.008349
989.489377 1111011101.1000 989.500000 0.010623
-558.172831 -1000101110.0011 -558.187500 0.014669
-708.400925 -1011000100.0110 -708.375000 0.025925
-116.657660 -1110100.1011 -116.687500 0.029840
315.140770 100111011.0010 315.125000 0.015770
-677.172056 -1010100101.0011 -677.187500 0.015444
171.409846 10101011.0111 171.437500 0.027654
85.868201 1010101.1110 85.875000 0.006799
598.085910 1001010110.0001 598.062500 0.023410
-709.285999 -1011000101.0101 -709.312500 0.026501
-718.988450 -1011001111.0000 -719.000000 0.011550
36.924524 100100.1111 36.937500 0.012976
504.561228 111111000.1001 504.562500 0.001272
173.856611 10101101.1110 173.875000 0.018389
486.140754 111100110.0010 486.125000 0.015754
-472.594377 -111011000.1010 -472.625000 0.030623
-934.406261 -1110100110.0111 -934.437500 0.031239
378.590111 101111010.1001 378.562500 0.027611
294.378604 100100110.0110 294.375000 0.003604
-945.374418 -1110110001.0110 -945.375000 0.000582
-828.246095 -1100111100.0100 -828.250000 0.003905
396.885612 110001100.1110 396.875000 0.010612
333.248079 101001101.0100 333.250000 0.001921
-583.341520 -1001000111.0101 -583.312500 0.029020
-477.116642 -111011101.0010 -477.125000 0.008358
-163.397324 -10100011.0110 -163.375000 0.022324
-958.627320 -1110111110.1010 -958.625000 0.002320
-399.863635 -110001111.1110 -399.875000 0.011365
-520.207191 -1000001000.0011 -520.187500 0.019691
-916.041626 -1110010100.0001 -916.062500 0.020874
49.316355 110001.0101 49.312500 0.003855
882.490037 1101110010.1000 882.500000 0.009963
-844.462595 -1101001100.0111 -844.437500 0.025095
385.460160 110000001.0111 385.437500 0.022660
228.282264 11100100.0101 228.312500 0.030236
-429.548730 -110101101.1001 -429.562500 0.013770
286.959320 100011110.1111 286.937500 0.021820
546.373493 1000100010.0110 546.375000 0.001507
-479.944825 -111011111.1111 -479.937500 0.007325
-181.455360 -10110101.0111 -181.437500 0.017860
