ok 8
36 00100100
-18 11101101
57 00111001
-111 10010000
50 00110010
-32 11011111
28 00011100
-84 10101011
-40 11010111
-59 11000100
-43 11010100
58 00111010
-7 11111000
118 01110110
21 00010101
-71 10111000
29 00011101
7 00000111
-92 10100011
7 00000111
-125 10000010
-32 11011111
9 00001001
47 00101111
117 01110101
29 00011101
-121 10000110
-6 11111001
-64 10111111
63 00111111
100 01100100
-105 10010110
69 01000101
-53 11001010
-81 10101110
-12 11110011
-21 11101010
-54 11001001
-60 11000011
-17 11101110
48 00110000
-86 10101001
-32 11011111
-67 10111100
58 00111010
-64 10111111
61 00111101
-120 10000111
91 01011011
-18 11101101
111 01101111
75 01001011
87 01010111
-120 10000111
63 00111111
6 00000110
98 01100010
17 00010001
-39 11011000
103 01100111
126 01111110
-71 10111000
-90 10100101
-15 11110000
40 00101000
-86 10101001
22 00010110
11 00001011
76 01001100
-90 10100101
-92 10100011
5 00000101
64 01000000
22 00010110
62 00111110
-60 11000011
-119 10001000
48 00110000
38 00100110
-121 10000110
-106 10010101
51 00110011
42 00101010
-74 10110101
-61 11000010
-21 11101010
-122 10000101
-51 11001100
-66 10111101
-117 10001010
6 00000110
113 01110001
-108 10010011
49 00110001
29 00011101
-55 11001000
37 00100101
70 01000110
-61 11000010
-23 11101000
